1 0.378788

2 0.227741

3 0.178252

4 0.153385

5 0.139252

6 0.130257

7 0.123541

8 0.11954

9 0.116262

10 0.111224

11 0.110994

12 0.109288

13 0.10599

14 0.106925

15 0.103222

16 0.100205

17 0.103389

18 0.0996428

19 0.0990102

20 0.0981357

21 0.100321

22 0.0987792

23 0.0952115

24 0.0976493

25 0.0967407

26 0.0937951

27 0.0937603

28 0.0952902

29 0.0929713

30 0.092015

31 0.0945497

32 0.0929921

33 0.0912178

34 0.0911267

35 0.0906694

36 0.0909841

37 0.090137

38 0.0904629

39 0.0917308

40 0.0911865

41 0.0902216

42 0.0905032

43 0.0912945

44 0.0909488

45 0.0887718

46 0.0896893

47 0.0890245

48 0.0888491

49 0.0891242

50 0.0879509

51 0.0898077

52 0.0893431

53 0.0876756

54 0.0886469

55 0.0893645

56 0.0890064

57 0.0886025

58 0.0890703

59 0.0880306

60 0.0874591

61 0.0884171

62 0.0889552

63 0.0888722

64 0.0882649

65 0.0878468

66 0.0880978

67 0.0867643

68 0.0876994

69 0.0881526

70 0.0886259

71 0.0871317

72 0.0877595

73 0.0889471

74 0.0888479

75 0.0880179

76 0.0868244

77 0.0879416

78 0.0872107

79 0.0882847

80 0.0868902

81 0.0881145

82 0.0873609

83 0.0872996

84 0.0880747

85 0.0883536

86 0.0873525

87 0.0876904

88 0.0872097

89 0.08707

90 0.087163

91 0.0868003

92 0.0872812

93 0.0872848

94 0.0861709

95 0.0876818

96 0.087219

97 0.0876682

98 0.0870357

99 0.0869577

100 0.0864666

101 0.086808

102 0.0865259

103 0.0867462

104 0.0870724

105 0.0869038

106 0.0880334

107 0.0874498

108 0.0862134

109 0.0868316

110 0.0870686

111 0.0886621

112 0.0867758

113 0.0860913

114 0.0865793

115 0.0864282

116 0.086731

117 0.0871556

118 0.0862496

119 0.0869012

120 0.0863774

121 0.0861361

122 0.086704

123 0.0859249

124 0.0866292

125 0.087249

126 0.0868559

127 0.0866725

128 0.0869656

129 0.086344

130 0.0870326

131 0.0867167

132 0.0861256

133 0.086715

134 0.0858903

135 0.0864215

136 0.0859869

137 0.0861099

138 0.0867147

139 0.0865469

140 0.0863192

141 0.0857661

142 0.0864234

143 0.0863361

144 0.0861053

145 0.0860851

146 0.0861034

147 0.0873766

148 0.0862029

149 0.087131

150 0.0863571

151 0.0860271

152 0.0865412

153 0.0881381

154 0.0865762

155 0.0893354

156 0.0862586

157 0.0863082

158 0.0868328

159 0.086096

160 0.0866024

161 0.0862253

162 0.0866177

163 0.0862217

164 0.0868311

165 0.0861287

166 0.0858195

167 0.0873802

168 0.0867276

169 0.0861163

170 0.0868049

171 0.0868037

172 0.0860064

173 0.0859156

174 0.0874975

175 0.086952

176 0.0859828

177 0.0861948

178 0.0868037

179 0.0857778

180 0.0855873

181 0.085748

182 0.0861938

183 0.086278

184 0.0862803

185 0.0854471

186 0.0855474

187 0.0864413

188 0.085685

189 0.0861883

190 0.0865955

191 0.087923

192 0.0864453

193 0.087815

194 0.0859315

195 0.0870583

196 0.086391

197 0.0860677

198 0.0860384

199 0.0868258

200 0.0874443

201 0.0867462

202 0.0877917

203 0.0863357

204 0.0875382

205 0.0861511

206 0.0870638

207 0.0870531

208 0.0867426

209 0.087384

210 0.0865881

211 0.0851719

212 0.0858176

213 0.0857041

214 0.085535

215 0.0858314

216 0.0866842

217 0.0867562

218 0.0858393

219 0.0870395

220 0.0859196

221 0.0870907

222 0.085644

223 0.0860405

224 0.0859771

225 0.0860217

226 0.0877676

227 0.08552

228 0.0851209

229 0.0865624

230 0.0857596

231 0.0864997

232 0.0857246

233 0.0868046

234 0.0858717

235 0.0862479

236 0.0870659

237 0.0860369

238 0.085881

239 0.0863838

240 0.0866189

241 0.0866773

242 0.0849912

243 0.0859559

244 0.0864043

245 0.0854225

246 0.0857162

247 0.0860133

248 0.0852847

249 0.0858576

250 0.0857399

251 0.0862377

252 0.0870962

253 0.0887229

254 0.0864236

255 0.0860407

256 0.0859373

257 0.0856891

258 0.0855987

259 0.0855803

260 0.0855594

261 0.0858366

262 0.0858176

263 0.0859997

264 0.0853486

265 0.0859065

266 0.0853724

267 0.087096

268 0.0855038

269 0.0858955

270 0.0861735

271 0.0853076

272 0.0870318

273 0.0857182

274 0.0856485

275 0.086514

276 0.0859139

277 0.085624

278 0.0853739

279 0.0869074

280 0.0856478

281 0.0864353

282 0.085896

283 0.0873845

284 0.0858185

285 0.0854886

286 0.0858352

287 0.0861189

288 0.0858283

289 0.0872858

290 0.0855231

291 0.0867195

292 0.0869203

293 0.0857079

294 0.086189

295 0.0859492

296 0.08532

297 0.0867779

298 0.0858488

299 0.0858848

300 0.0856955

301 0.0857952

302 0.0937991

303 0.0873358

304 0.0853131

305 0.086767

306 0.0869777

307 0.0854619

308 0.0855062

309 0.0853119

310 0.0854578

311 0.085717

312 0.0872991

313 0.0855589

314 0.0859344

315 0.0857046

316 0.0861182

317 0.0854166

318 0.0863447

319 0.0860724

320 0.0865541

321 0.0850072

322 0.0851705

323 0.0860212

324 0.0863636

325 0.085362

326 0.0856721

327 0.0854638

328 0.0851207

329 0.0856531

330 0.0862825

331 0.0850291

332 0.0865524

333 0.0857568

334 0.0863349

335 0.0865879

336 0.0862932

337 0.085434

338 0.0855622

339 0.0855212

340 0.0854757

341 0.0853443

342 0.0859685

343 0.0863943

344 0.0853469

345 0.0864787

346 0.0861437

347 0.0854685

348 0.0854828

349 0.0858982

350 0.0875371

351 0.0872355

352 0.0854182

353 0.0859802

354 0.085062

355 0.0855777

356 0.0863886

357 0.0856774

358 0.0859327

359 0.0854781

360 0.0867233

361 0.0871608

362 0.0858784

363 0.0852365

364 0.0873115

365 0.0858877

366 0.0854199

367 0.0849748

368 0.0862126

369 0.0862081

370 0.0866725

371 0.0856447

372 0.0854776

373 0.0852246

374 0.0865357

375 0.0854967

376 0.0861816

377 0.0853071

378 0.0857189

379 0.0865357

380 0.0867348

381 0.0855124

382 0.0864828

383 0.0860412

384 0.0855463

385 0.0859845

386 0.0854816

387 0.0856197

388 0.0853457

389 0.0854287

390 0.0853651

391 0.0870857

392 0.0856278

393 0.085247

394 0.0856431

395 0.085433

396 0.0864995

397 0.0855982

398 0.0851321

399 0.0857024

400 0.0866733

401 0.0867565

402 0.0857134

403 0.0868857

404 0.0865157

405 0.0860441

406 0.0859988

407 0.0863812

408 0.0853066

409 0.0854077

410 0.08571

411 0.0858674

412 0.0850763

413 0.0854456

414 0.0863507

415 0.0858774

416 0.085577

417 0.0856278

418 0.0864904

419 0.085309

420 0.0859985

421 0.0854342

422 0.0850456

423 0.0860739

424 0.0864241

425 0.0856183

426 0.0853977

427 0.085393

428 0.0856888

429 0.0874033

430 0.0853746

431 0.0857515

432 0.086396

433 0.086627

434 0.0854259

435 0.0852549

436 0.0860786

437 0.0855355

438 0.0861232

439 0.0852187

440 0.0855787

441 0.0853136

442 0.0857611

443 0.0857353

444 0.0855

445 0.087198

446 0.0851691

447 0.085135

448 0.0852017

449 0.0858324

450 0.0871336

451 0.0855005

452 0.0859878

453 0.0867045

454 0.0853064

455 0.0857677

456 0.0861709

457 0.0858288

458 0.0854907

459 0.0850804

460 0.0852535

461 0.0857484

462 0.0859945

463 0.0853269

464 0.0861778

465 0.0855839

466 0.0852978

467 0.0853474

468 0.0854905

469 0.0853269

470 0.0848913

471 0.0859568

472 0.0856607

473 0.0858746

474 0.0851786

475 0.0859461

476 0.0856581

477 0.0857365

478 0.0873542

479 0.0868754

480 0.0858784

481 0.0855172

482 0.0855706

483 0.0857143

484 0.0858057

485 0.0851431

486 0.0855403

487 0.0860415

488 0.0858617

489 0.0863988

490 0.0850506

491 0.0854542

492 0.0868158

493 0.0852907

494 0.085443

495 0.0849025

496 0.0864723

497 0.0853815

498 0.0853331

499 0.0855634

500 0.0864403

501 0.0855339

502 0.0861223

503 0.0855443

504 0.0851073

505 0.0858777

506 0.0860991

507 0.0872138

508 0.0851173

509 0.0851722

510 0.0859075

511 0.0856547

512 0.0849566

513 0.0857253

514 0.0865521

515 0.0866113

516 0.0857489

517 0.0854256

518 0.0854232

519 0.0854447

520 0.0861101

521 0.0864823

522 0.0855205

523 0.0853877

524 0.0867481

525 0.0854378

526 0.0856533

527 0.086086

528 0.0861735

529 0.0859702

530 0.085288

531 0.0851912

532 0.0861897

533 0.085294

534 0.0855889

535 0.0857403

536 0.0853262

537 0.0851798

538 0.086535

539 0.0849328

540 0.0853894

541 0.085665

542 0.0864258

543 0.0852716

544 0.0870485

545 0.0850928

546 0.0857344

547 0.08533

548 0.0866978

549 0.087038

550 0.0856059

551 0.0855591

552 0.0865719

553 0.0856819

554 0.0852628

555 0.085722

556 0.0849645

557 0.0857592

558 0.0852838

559 0.0856893

560 0.0858104

561 0.0857291

562 0.0857232

563 0.0859373

564 0.0850134

565 0.0849209

566 0.0866013

567 0.0847938

568 0.0855801

569 0.0854893

570 0.0866289

571 0.0854626

572 0.085691

573 0.0853484

574 0.0866494

575 0.0850081

576 0.0851915

577 0.0852971

578 0.0857718

579 0.0857558

580 0.0852671

581 0.0852995

582 0.0856009

583 0.086102

584 0.0859914

585 0.0857379

586 0.0860054

587 0.0852666

588 0.0851824

589 0.0851023

590 0.0861082

591 0.0854795

592 0.0861292

593 0.0857625

594 0.0847523

595 0.0853543

596 0.0852454

597 0.0867643

598 0.086946

599 0.0852404

600 0.0852966

601 0.0859179

602 0.0866122

603 0.0856605

604 0.085753

605 0.0857964

606 0.0856061

607 0.0862219

608 0.0854788

609 0.0858543

610 0.0848546

611 0.0852211

612 0.0853541

613 0.0867944

614 0.0854123

615 0.0856335

616 0.0854206

617 0.0857105

618 0.0857494

619 0.0856383

620 0.0868609

621 0.0856895

622 0.0855629

623 0.0856128

624 0.0853834

625 0.0853179

626 0.0847802

627 0.0853381

628 0.085577

629 0.0860898

630 0.0863335

631 0.0862086

632 0.0853713

633 0.0861406

634 0.0850625

635 0.0849724

636 0.0853221

637 0.085288

638 0.0857289

639 0.0861697

640 0.0852878

641 0.0856178

642 0.085289

643 0.0870972

644 0.0845866

645 0.0861676

646 0.0855205

647 0.0855424

648 0.0864079

649 0.0860164

650 0.0853179

651 0.0862143

652 0.0865374

653 0.0847342

654 0.0849922

655 0.0852268

656 0.0851338

657 0.0855479

658 0.0855627

659 0.0861664

660 0.0859325

661 0.0860493

662 0.0860274

663 0.0853758

664 0.0856133

665 0.0857348

666 0.0850885

667 0.0852056

668 0.0856214

669 0.08513

670 0.0856321

671 0.0857244

672 0.0855627

673 0.0854564

674 0.0849288

675 0.0854473

676 0.0856867

677 0.0854986

678 0.0855129

679 0.0852921

680 0.0851648

681 0.0870833

682 0.0851669

683 0.0855091

684 0.0855527

685 0.0853193

686 0.085036

687 0.0848904

688 0.0862558

689 0.0872014

690 0.0863962

691 0.0855529

692 0.0851755

693 0.0852685

694 0.0850718

695 0.0857913

696 0.0863683

697 0.0933373

698 0.0861146

699 0.0849867

700 0.0858808

701 0.0855339

702 0.08588

703 0.0850377

704 0.0854518

705 0.0856342

706 0.0854542

707 0.0852487

708 0.0869756

709 0.0860164

710 0.0853136

711 0.08621

712 0.0853105

713 0.0859771

714 0.0852981

715 0.0853093

716 0.0850108

717 0.0853927

718 0.0851164

719 0.0873232

720 0.0858023

721 0.0855417

722 0.0864027

723 0.0852277

724 0.0865624

725 0.0850301

726 0.0855305

727 0.0856528

728 0.0849655

729 0.0859811

730 0.0853789

731 0.0853007

732 0.0858967

733 0.085988

734 0.0845299

735 0.0851614

736 0.0850706

737 0.0847554

738 0.0862162

739 0.085444

740 0.0853786

741 0.0860803

742 0.0854292

743 0.0850091

744 0.0850494

745 0.0855572

746 0.0851202

747 0.0853055

748 0.086704

749 0.0849705

750 0.0846205

751 0.0865734

752 0.0855904

753 0.0866184

754 0.0851343

755 0.0852115

756 0.0856409

757 0.0853467

758 0.0849073

759 0.0849783

760 0.0847521

761 0.0848877

762 0.0849559

763 0.0853009

764 0.0858364

765 0.0855901

766 0.0853858

767 0.0854821

768 0.086534

769 0.0854065

770 0.086472

771 0.0852377

772 0.0863974

773 0.0855658

774 0.0855246

775 0.0860114

776 0.0858393

777 0.0865455

778 0.0856411

779 0.085413

780 0.0856047

781 0.0862205

782 0.0855873

783 0.0860479

784 0.0865767

785 0.0856726

786 0.0852754

787 0.0863917

788 0.0851481

789 0.0850503

790 0.0867109

791 0.0859787

792 0.0851407

793 0.0858572

794 0.085428

795 0.0860133

796 0.0850525

797 0.0875134

798 0.0853755

799 0.0850842

800 0.0855219

801 0.0851731

802 0.0867267

803 0.0847719

804 0.0854552

805 0.0859003

806 0.085228

807 0.0856287

808 0.0857272

809 0.0847805

810 0.0856836

811 0.0869522

812 0.0857263

813 0.0868833

814 0.085542

815 0.0862312

816 0.0869265

817 0.0852642

818 0.0857639

819 0.0853863

820 0.0859404

821 0.0854509

822 0.0852778

823 0.0855548

824 0.0855653

825 0.0852029

826 0.0848727

827 0.0859303

828 0.0849302

829 0.0851655

830 0.0855381

831 0.0851333

832 0.0857062

833 0.0858257

834 0.0865197

835 0.0846784

836 0.0850351

837 0.0855637

838 0.0857568

839 0.0856447

840 0.0850058

841 0.0855169

842 0.0852845

843 0.0857317

844 0.0849268

845 0.0855305

846 0.0855255

847 0.0878022

848 0.0851674

849 0.0859759

850 0.0857725

851 0.0850089

852 0.0850513

853 0.0854619

854 0.08654

855 0.0866072

856 0.0851846

857 0.085634

858 0.085165

859 0.085973

860 0.0858846

861 0.0865071

862 0.0852351

863 0.085557

864 0.0849996

865 0.0851018

866 0.0848992

867 0.086324

868 0.0850911

869 0.0850358

870 0.0855739

871 0.086643

872 0.0849488

873 0.0854006

874 0.0855322

875 0.0855198

876 0.0861771

877 0.0853393

878 0.0854142

879 0.0867863

880 0.0857885

881 0.0851905

882 0.0849602

883 0.0854058

884 0.0856321

885 0.0850885

886 0.0857399

887 0.0858202

888 0.0849319

889 0.0850878

890 0.0850255

891 0.0852859

892 0.0850163

893 0.0851395

894 0.0856223

895 0.0851386

896 0.0851626

897 0.0868549

898 0.0852776

899 0.0849845

900 0.0868368

901 0.0852842

902 0.0847547

903 0.0852757

904 0.0848997

905 0.0850205

906 0.0850992

907 0.0850723

908 0.0860262

909 0.085036

910 0.0856931

911 0.0856674

912 0.085258

913 0.0855267

914 0.0853527

915 0.0850847

916 0.0850933

917 0.085747

918 0.0862455

919 0.0858111

920 0.085376

921 0.0852816

922 0.0850017

923 0.0848339

924 0.0853794

925 0.0853286

926 0.0848458

927 0.0860276

928 0.0855527

929 0.0846522

930 0.0846615

931 0.0860577

932 0.0865197

933 0.0864432

934 0.0855153

935 0.0854621

936 0.0852098

937 0.0869243

938 0.0852518

939 0.0848994

940 0.0847528

941 0.0850143

942 0.0849743

943 0.0848324

944 0.0848002

945 0.0852287

946 0.0860972

947 0.0869498

948 0.0865958

949 0.0848217

950 0.0854094

951 0.0861585

952 0.0854805

953 0.0850773

954 0.0853934

955 0.0857229

956 0.0846388

957 0.0856855

958 0.0860169

959 0.0853086

960 0.085407

961 0.086642

962 0.0865352

963 0.0855424

964 0.0846834

965 0.0853257

966 0.0854204

967 0.0855627

968 0.0852273

969 0.0864575

970 0.0862999

971 0.0854661

972 0.0858943

973 0.0851998

974 0.0853891

975 0.0853467

976 0.0854731

977 0.085557

978 0.0849037

979 0.0857489

980 0.0850544

981 0.0848651

982 0.0855026

983 0.0847082

984 0.0852754

985 0.0851941

986 0.0864758

987 0.0851798

988 0.0859475

989 0.0855391

990 0.0854769

991 0.0857532

992 0.0857527

993 0.0853145

994 0.0863385

995 0.0851407

996 0.0851061

997 0.0853903

998 0.0866313

999 0.0854871

1000 0.0859823

1001 0.0854576

1002 0.0853457

1003 0.0849202

1004 0.0853429

1005 0.0862007

1006 0.085098

1007 0.0849628

1008 0.0862401

1009 0.0868583

1010 0.0866547

1011 0.0846748

1012 0.0856206

1013 0.0852215

1014 0.085746

1015 0.0851738

1016 0.0852358

1017 0.0854449

1018 0.0861979

1019 0.0860522

1020 0.0849442

1021 0.0849724

1022 0.084861

1023 0.0846512

1024 0.086216

1025 0.0868597

1026 0.0858393

1027 0.0854352

1028 0.0854416

1029 0.085336

1030 0.0857675

1031 0.086055

1032 0.0853145

1033 0.0853863

1034 0.0857813

1035 0.0852475

1036 0.0853503

1037 0.0866256

1038 0.0852215

1039 0.084949

1040 0.0861464

1041 0.0854809

1042 0.0847871

1043 0.0851879

1044 0.085573

1045 0.0867076

1046 0.085577

1047 0.0855992

1048 0.0856149

1049 0.0855782

1050 0.085057

1051 0.085521

1052 0.0853367

1053 0.0853217

1054 0.0859811

1055 0.0854967

1056 0.0849161

1057 0.0846045

1058 0.0855644

1059 0.0860784

1060 0.0848424

1061 0.0858309

1062 0.0860357

1063 0.0863562

1064 0.0851648

1065 0.085664

1066 0.0851316

1067 0.0860136

1068 0.0859437

1069 0.0846276

1070 0.0846763

1071 0.085875

1072 0.0854886

1073 0.0849297

1074 0.0853114

1075 0.0855513

1076 0.0863466

1077 0.0854344

1078 0.0854239

1079 0.0853252

1080 0.0854781

1081 0.0864942

1082 0.0855792

1083 0.085295

1084 0.0851498

1085 0.0844796

1086 0.0848081

1087 0.0862753

1088 0.0849566

1089 0.0852304

1090 0.0848274

1091 0.085336

1092 0.0854487

1093 0.0852869

1094 0.0859776

1095 0.0866308

1096 0.0855615

1097 0.0857234

1098 0.085192

1099 0.0863957

1100 0.0850463

1101 0.0861526

1102 0.0862296

1103 0.0850039

1104 0.0859494

1105 0.0848446

1106 0.084893

1107 0.085381

1108 0.0859256

1109 0.0853176

1110 0.0852129

1111 0.084919

1112 0.0855103

1113 0.0848229

1114 0.0855334

1115 0.0859721

1116 0.0861413

1117 0.0847354

1118 0.0849149

1119 0.0858366

1120 0.085001

1121 0.0855322

1122 0.086262

1123 0.0859787

1124 0.0853567

1125 0.0851431

1126 0.0854752

1127 0.084959

1128 0.0853765

1129 0.0860977

1130 0.0857487

1131 0.0849473

1132 0.0855534

1133 0.0858994

1134 0.0859563

1135 0.0852349

1136 0.0844471

1137 0.0849512

1138 0.0854261

1139 0.0849433

1140 0.0860267

1141 0.0850532

1142 0.0848696

1143 0.0853295

1144 0.0861859

1145 0.084852

1146 0.0854797

1147 0.0851092

1148 0.0859876

1149 0.0851672

1150 0.0858946

1151 0.0850146

1152 0.0852947

1153 0.0858338

1154 0.0859241

1155 0.086067

1156 0.0860288

1157 0.0848265

1158 0.086421

1159 0.0849926

1160 0.0861411

1161 0.0855775

1162 0.0867047

1163 0.0848856

1164 0.0851669

1165 0.0862672

1166 0.0850801

1167 0.0851123

1168 0.0863254

1169 0.0847421

1170 0.0849028

1171 0.0869665

1172 0.0854583

1173 0.0849087

1174 0.0852787

1175 0.0852981

1176 0.085593

1177 0.0856299

1178 0.0858779

1179 0.0847845

1180 0.0850124

1181 0.0855393

1182 0.0848498

1183 0.0855768

1184 0.0853162

1185 0.0849915

1186 0.0849016

1187 0.0850253

1188 0.0854843

1189 0.0866735

1190 0.0859253

1191 0.0863967

1192 0.0850255

1193 0.0854185

1194 0.0859363

1195 0.0867331

1196 0.0858362

1197 0.0846984

1198 0.0855939

1199 0.0853057

1200 0.0847447

1201 0.0851314

1202 0.0856798

1203 0.0855355

1204 0.0850689

1205 0.0851212

1206 0.0853474

1207 0.0852382

1208 0.0852845

1209 0.0856681

1210 0.0857189

1211 0.0865815

1212 0.0853548

1213 0.0849569

1214 0.0859165

1215 0.084959

1216 0.0846069

1217 0.0857012

1218 0.0859118

1219 0.0862381

1220 0.0856133

1221 0.0867126

1222 0.0850875

1223 0.0856657

1224 0.0852473

1225 0.0860868

1226 0.0849676

1227 0.0851889

1228 0.0851955

1229 0.0851929

1230 0.0865479

1231 0.085489

1232 0.0852084

1233 0.0852022

1234 0.085809

1235 0.0850523

1236 0.086565

1237 0.0852728

1238 0.0851183

1239 0.0854158

1240 0.0850716

1241 0.0858116

1242 0.0861545

1243 0.0854695

1244 0.0882468

1245 0.0868564

1246 0.0851166

1247 0.0865793

1248 0.0852616

1249 0.086412

1250 0.0854044

1251 0.0853689

1252 0.0856495

1253 0.0852823

1254 0.0856354

1255 0.0853484

1256 0.0851176

1257 0.0856934

1258 0.0853019

1259 0.0860345

1260 0.0852358

1261 0.0852582

1262 0.0860434

1263 0.0856419

1264 0.0864999

1265 0.0855904

1266 0.0851841

1267 0.0848961

1268 0.0857

1269 0.0850279

1270 0.0853438

1271 0.0849564

1272 0.0849862

1273 0.0849123

1274 0.0850205

1275 0.0853517

1276 0.0864713

1277 0.0867767

1278 0.0853405

1279 0.0861363

1280 0.0852058

1281 0.0852516

1282 0.0850844

1283 0.0862393

1284 0.0853288

1285 0.0854023

1286 0.0851603

1287 0.0849352

1288 0.0848942

1289 0.0853028

1290 0.0853598

1291 0.0853157

1292 0.0849011

1293 0.0857165

1294 0.0858645

1295 0.0871677

1296 0.0845091

1297 0.0849535

1298 0.0854642

1299 0.085242

1300 0.0856061

1301 0.0855353

1302 0.0848129

1303 0.0851998

1304 0.0855482

1305 0.0862205

1306 0.0852795

1307 0.0857673

1308 0.0852795

1309 0.0859551

1310 0.0860939

1311 0.0855742

1312 0.085191

1313 0.0856166

1314 0.085084

1315 0.0863793

1316 0.0866339

1317 0.0853498

1318 0.0855641

1319 0.085393

1320 0.0852561

1321 0.0855227

1322 0.0854011

1323 0.0864198

1324 0.0866838

1325 0.0859475

1326 0.0861266

1327 0.0849407

1328 0.0853157

1329 0.0864768

1330 0.0854497

1331 0.0857379

1332 0.0847588

1333 0.0857632

1334 0.0855789

1335 0.0866127

1336 0.0854857

1337 0.0858498

1338 0.0854728

1339 0.0850041

1340 0.0864351

1341 0.0847912

1342 0.0862379

1343 0.0857427

1344 0.0858109

1345 0.0862625

1346 0.0849354

1347 0.0854952

1348 0.0849876

1349 0.0864141

1350 0.0859668

1351 0.0853343

1352 0.0850337

1353 0.0867393

1354 0.0860596

1355 0.0852311

1356 0.0851364

1357 0.0853696

1358 0.085222

1359 0.0861771

1360 0.0847964

1361 0.0852873

1362 0.0852764

1363 0.08498

1364 0.0856919

1365 0.0852017

1366 0.086066

1367 0.0853865

1368 0.0858929

1369 0.0872488

1370 0.0852611

1371 0.0850892

1372 0.0851707

1373 0.0846632

1374 0.0865169

1375 0.084888

1376 0.0856812

1377 0.085259

1378 0.0861022

1379 0.0855167

1380 0.0852993

1381 0.085438

1382 0.0852165

1383 0.0853434

1384 0.0848758

1385 0.0850158

1386 0.0846922

1387 0.0848958

1388 0.0852301

1389 0.0850887

1390 0.0855441

1391 0.0849781

1392 0.0852468

1393 0.0863013

1394 0.0857289

1395 0.086297

1396 0.084944

1397 0.0864942

1398 0.0849123

1399 0.0857053

1400 0.0862992

1401 0.0857759

1402 0.0857122

1403 0.0850034

1404 0.0853732

1405 0.0849621

1406 0.0852227

1407 0.0850422

1408 0.0853806

1409 0.0861578

1410 0.0849795

1411 0.0874178

1412 0.0846565

1413 0.0851169

1414 0.0852287

1415 0.0863447

1416 0.0848968

1417 0.0852883

1418 0.0852311

1419 0.0855341

1420 0.0850606

1421 0.0847642

1422 0.0857594

1423 0.0849717

1424 0.0849092

1425 0.0854197

1426 0.0858548

1427 0.0847714

1428 0.086328

1429 0.0851591

1430 0.0859191

1431 0.0848994

1432 0.0852239

1433 0.0859869

1434 0.0849462

1435 0.0859427

1436 0.0854361

1437 0.0853584

1438 0.0850687

1439 0.0847349

1440 0.0853069

1441 0.0850155

1442 0.0853012

1443 0.085295

1444 0.084991

1445 0.0862627

1446 0.0852911

1447 0.0849473

1448 0.085233

1449 0.0847769

1450 0.0859976

1451 0.0860317

1452 0.0851471

1453 0.0842402

1454 0.085109

1455 0.0853925

1456 0.0853229

1457 0.084959

1458 0.0853143

1459 0.085314

1460 0.0844972

1461 0.0848441

1462 0.0848732

1463 0.0856698

1464 0.0855708

1465 0.0859818

1466 0.0850067

1467 0.0853717

1468 0.0853646

1469 0.0853863

1470 0.0853755

1471 0.085031

1472 0.0853453

1473 0.0856514

1474 0.0878136

1475 0.0849059

1476 0.0850811

1477 0.0866444

1478 0.085459

1479 0.0852995

1480 0.0854053

1481 0.0853086

1482 0.085649

1483 0.0850923

1484 0.0847847

1485 0.0849788

1486 0.0867798

1487 0.084981

1488 0.0852942

1489 0.0850949

1490 0.0851555

1491 0.0848556

1492 0.086473

1493 0.0855863

1494 0.0878737

1495 0.0880682

1496 0.086303

1497 0.085288

1498 0.085032

1499 0.0849783

1500 0.0864615

1501 0.0861652

1502 0.0855598

1503 0.085073

1504 0.0862653

1505 0.0851605

1506 0.0856233

1507 0.0856321

1508 0.0850923

1509 0.0848346

1510 0.0876784

1511 0.0852833

1512 0.0855167

1513 0.0856586

1514 0.0857959

1515 0.0849762

1516 0.0851257

1517 0.0850213

1518 0.0854888

1519 0.084801

1520 0.0859222

1521 0.0849257

1522 0.0849781

1523 0.0849299

1524 0.0848053

1525 0.0846689

1526 0.0854275

1527 0.0857134

1528 0.0861402

1529 0.0858505

1530 0.0845544

1531 0.0864248

1532 0.0867128

1533 0.0857534

1534 0.0860813

1535 0.0855975

1536 0.0863621

1537 0.0853949

1538 0.0852244

1539 0.0857489

1540 0.0857191

1541 0.0848567

1542 0.0850513

1543 0.0854549

1544 0.0863261

1545 0.0862806

1546 0.0850759

1547 0.084552

1548 0.0854664

1549 0.0856709

1550 0.0865791

1551 0.0846233

1552 0.086206

1553 0.0850844

1554 0.0872495

1555 0.0847969

1556 0.0854518

1557 0.0865674

1558 0.0854142

1559 0.0848391

1560 0.0855775

1561 0.0862656

1562 0.0853541

1563 0.0854769

1564 0.085784

1565 0.085119

1566 0.0855682

1567 0.0853925

1568 0.0852587

1569 0.0848522

1570 0.0854878

1571 0.0859263

1572 0.0849531

1573 0.0856481

1574 0.0851486

1575 0.0867615

1576 0.0853322

1577 0.0850897

1578 0.0851283

1579 0.0851531

1580 0.0850332

1581 0.085252

1582 0.0854104

1583 0.085434

1584 0.0851769

1585 0.0863736

1586 0.0856032

1587 0.0851746

1588 0.0846624

1589 0.0848138

1590 0.0865886

1591 0.0849564

1592 0.0852044

1593 0.0847194

1594 0.0855942

1595 0.0853312

1596 0.0855806

1597 0.0860581

1598 0.0859518

1599 0.0856514

1600 0.0855093

1601 0.0857413

1602 0.0856287

1603 0.0850146

1604 0.086242

1605 0.0856595

1606 0.0853968

1607 0.0862646

1608 0.0845432

1609 0.0853128

1610 0.0848498

1611 0.0848024

1612 0.0847218

1613 0.0851202

1614 0.0847182

1615 0.0851331

1616 0.0854027

1617 0.0848625

1618 0.0847006

1619 0.0851839

1620 0.0848391

1621 0.0859051

1622 0.0846226

1623 0.0850604

1624 0.0849051

1625 0.0851719

1626 0.0859115

1627 0.0854096

1628 0.0858521

1629 0.0849736

1630 0.0852525

1631 0.0853219

1632 0.0851903

1633 0.0852695

1634 0.0850875

1635 0.0854783

1636 0.0852296

1637 0.0860872

1638 0.0853684

1639 0.0854158

1640 0.0852597

1641 0.0854506

1642 0.0854375

1643 0.0866954

1644 0.0853441

1645 0.0863109

1646 0.0846369

1647 0.0848548

1648 0.0857491

1649 0.0855837

1650 0.085784

1651 0.0849893

1652 0.0849214

1653 0.0852017

1654 0.0855441

1655 0.0857935

1656 0.085007

1657 0.0853066

1658 0.0854361

1659 0.0853593

1660 0.0848191

1661 0.0854521

1662 0.0848753

1663 0.0851352

1664 0.0851619

1665 0.0852232

1666 0.0859277

1667 0.0858676

1668 0.0848122

1669 0.0848594

1670 0.0861332

1671 0.0852647

1672 0.0852017

1673 0.08499

1674 0.0852654

1675 0.0854523

1676 0.0855384

1677 0.085304

1678 0.0855932

1679 0.0849669

1680 0.0849972

1681 0.0852294

1682 0.0849724

1683 0.0854428

1684 0.0851955

1685 0.0860376

1686 0.0853684

1687 0.0854843

1688 0.0844166

1689 0.0852158

1690 0.0850604

1691 0.086076

1692 0.0853534

1693 0.0853713

1694 0.0858431

1695 0.0882008

1696 0.0849934

1697 0.0850992

1698 0.085264

1699 0.085963

1700 0.0849316

1701 0.0856214

1702 0.0860288

1703 0.0855043

1704 0.0855222

1705 0.0855722

1706 0.0869386

1707 0.0851195

1708 0.0848496

1709 0.0847161

1710 0.085088

1711 0.0854347

1712 0.0856237

1713 0.0848677

1714 0.085346

1715 0.0862696

1716 0.0857992

1717 0.0854037

1718 0.0846016

1719 0.085465

1720 0.0861995

1721 0.0860851

1722 0.086077

1723 0.0849626

1724 0.0853274

1725 0.0864592

1726 0.0853083

1727 0.0846236

1728 0.0857897

1729 0.0857255

1730 0.085968

1731 0.0855143

1732 0.0856707

1733 0.0860219

1734 0.0856941

1735 0.0860336

1736 0.0857301

1737 0.085633

1738 0.0862944

1739 0.0855503

1740 0.0862887

1741 0.0850461

1742 0.0856111

1743 0.0849578

1744 0.0861564

1745 0.0862255

1746 0.0853677

1747 0.0858183

1748 0.0848644

1749 0.0855682

1750 0.0855932

1751 0.0856762

1752 0.0863304

1753 0.0858264

1754 0.0851169

1755 0.0849171

1756 0.0857983

1757 0.0851681

1758 0.0849855

1759 0.0852656

1760 0.0845809

1761 0.0846844

1762 0.0847304

1763 0.0852308

1764 0.0858283

1765 0.0853777

1766 0.0850699

1767 0.0854623

1768 0.0856788

1769 0.0849435

1770 0.0865345

1771 0.0860846

1772 0.0855582

1773 0.0857995

1774 0.0860651

1775 0.0855672

1776 0.0847919

1777 0.0847969

1778 0.0861034

1779 0.0848439

1780 0.0856826

1781 0.0855939

1782 0.0852129

1783 0.0843923

1784 0.0856683

1785 0.0850785

1786 0.0851204

1787 0.0859411

1788 0.0848525

1789 0.085135

1790 0.0852685

1791 0.0850019

1792 0.0856531

1793 0.0852489

1794 0.0864072

1795 0.0847173

1796 0.0848842

1797 0.0854337

1798 0.0848329

1799 0.0848339

1800 0.0857737

1801 0.0850265

1802 0.0849452

1803 0.0848992

1804 0.0854566

1805 0.0866101

1806 0.0859888

1807 0.0849583

1808 0.0862987

1809 0.0858006

1810 0.0850513

1811 0.0859971

1812 0.0853441

1813 0.0853224

1814 0.0853083

1815 0.0861607

1816 0.0852854

1817 0.0846772

1818 0.0851336

1819 0.0848534

1820 0.0853002

1821 0.0852242

1822 0.0855174

1823 0.0859678

1824 0.0862617

1825 0.0856369

1826 0.085597

1827 0.0852203

1828 0.0853319

1829 0.084873

1830 0.0860627

1831 0.0847254

1832 0.0854952

1833 0.086405

1834 0.0863581

1835 0.084919

1836 0.0856776

1837 0.0854607

1838 0.0854745

1839 0.0853484

1840 0.0851374

1841 0.0859151

1842 0.0854881

1843 0.0846775

1844 0.0851235

1845 0.0864446

1846 0.084971

1847 0.0854335

1848 0.0854206

1849 0.0856128

1850 0.0848331

1851 0.0847716

1852 0.0849967

1853 0.0853317

1854 0.0858963

1855 0.086277

1856 0.0852008

1857 0.0852611

1858 0.0853233

1859 0.0850592

1860 0.0845206

1861 0.085279

1862 0.0854042

1863 0.0859399

1864 0.0855205

1865 0.0860081

1866 0.0858183

1867 0.0862763

1868 0.0852754

1869 0.0852735

1870 0.0856519

1871 0.0852969

1872 0.0849662

1873 0.0850282

1874 0.0852139

1875 0.0844054

1876 0.0849319

1877 0.0848961

1878 0.0856032

1879 0.0857408

1880 0.0860262

1881 0.0849154

1882 0.0850947

1883 0.0848494

1884 0.0851099

1885 0.084367

1886 0.0863929

1887 0.0855947

1888 0.0848389

1889 0.0856874

1890 0.0857713

1891 0.0853806

1892 0.0864298

1893 0.0855043

1894 0.0852959

1895 0.086195

1896 0.0852301

1897 0.0859847

1898 0.0850697

1899 0.0867395

1900 0.0850129

1901 0.085314

1902 0.0852113

1903 0.0847194

1904 0.0851026

1905 0.0847645

1906 0.0848887

1907 0.0848391

1908 0.0849631

1909 0.0853448

1910 0.0863132

1911 0.0848849

1912 0.0853417

1913 0.0848305

1914 0.0850925

1915 0.0855255

1916 0.0851898

1917 0.085535

1918 0.087028

1919 0.0851197

1920 0.0848696

1921 0.085783

1922 0.0850754

1923 0.0847082

1924 0.0854018

1925 0.0855434

1926 0.0849948

1927 0.0853221

1928 0.0856845

1929 0.084887

1930 0.0848913

1931 0.0847552

1932 0.0853951

1933 0.0868256

1934 0.0847535

1935 0.0856197

1936 0.0850332

1937 0.0868645

1938 0.0864429

1939 0.0846739

1940 0.0860038

1941 0.0847707

1942 0.0859785

1943 0.0859301

1944 0.0858653

1945 0.0850451

1946 0.0850997

1947 0.0854294

1948 0.086123

1949 0.0847855

1950 0.0849156

1951 0.085217

1952 0.0854542

1953 0.0848908

1954 0.0846174

1955 0.0851092

1956 0.0854893

1957 0.0855079

1958 0.0852127

1959 0.0854459

1960 0.0851021

1961 0.085294

1962 0.0860991

1963 0.086381

1964 0.0859141

1965 0.0851879

1966 0.0850537

1967 0.0848901

1968 0.0847886

1969 0.085001

1970 0.0851746

1971 0.0848379

1972 0.0857813

1973 0.0849133

1974 0.0853186

1975 0.0848691

1976 0.085124

1977 0.0857408

1978 0.0852704

1979 0.0848358

1980 0.0861335

1981 0.0851097

1982 0.0851727

1983 0.0861888

1984 0.085711

1985 0.0856488

1986 0.084419

1987 0.0853238

1988 0.0860388

1989 0.0848894

1990 0.0850768

1991 0.0848897

1992 0.0853519

1993 0.0849648

1994 0.0865405

1995 0.0858791

1996 0.0857084

1997 0.0848343

1998 0.0860534

1999 0.0858223

2000 0.0854297

2001 0.0867813

2002 0.0852745

2003 0.0850046

2004 0.0861421

2005 0.0854573

2006 0.0859051

2007 0.0853903

2008 0.0850198

2009 0.0858915

2010 0.0848756

2011 0.0855153

2012 0.0847564

2013 0.0850523

2014 0.0850406

2015 0.0859704

2016 0.0851381

2017 0.0847528

2018 0.0854025

2019 0.0853851

2020 0.0857866

2021 0.0856857

2022 0.085783

2023 0.0855691

2024 0.0857608

2025 0.0848515

2026 0.0860591

2027 0.0856259

2028 0.0852962

2029 0.0850358

2030 0.0851147

2031 0.0852072

2032 0.0853541

2033 0.0866764

2034 0.0855808

2035 0.0865374

2036 0.0860331

2037 0.0852287

2038 0.0851378

2039 0.08517

2040 0.085954

2041 0.0851381

2042 0.0848632

2043 0.0853462

2044 0.0861337

2045 0.0868857

2046 0.0865278

2047 0.0850067

2048 0.085073

2049 0.0853724

2050 0.0856946

2051 0.0851986

2052 0.0865846

2053 0.0856178

2054 0.0855911

2055 0.0861552

2056 0.084949

2057 0.0855458

2058 0.0854776

2059 0.0850625

2060 0.0851347

2061 0.0853074

2062 0.0843782

2063 0.0851598

2064 0.0856118

2065 0.0846539

2066 0.085016

2067 0.0859842

2068 0.0859284

2069 0.0854375

2070 0.0846958

2071 0.0860775

2072 0.0856934

2073 0.0846772

2074 0.0858788

2075 0.0852814

2076 0.0845628

2077 0.085377

2078 0.0855372

2079 0.0856459

2080 0.0854034

2081 0.0861275

2082 0.0848625

2083 0.0872805

2084 0.0850391

2085 0.0869212

2086 0.0846155

2087 0.0846264

2088 0.0849862

2089 0.085449

2090 0.0866327

2091 0.0853703

2092 0.0854666

2093 0.0846026

2094 0.0849984

2095 0.085376

2096 0.0867431

2097 0.0851781

2098 0.085634

2099 0.0860531

2100 0.0857294

2101 0.0854154

2102 0.0857768

2103 0.0854232

2104 0.0865982

2105 0.0855517

2106 0.0854812

2107 0.0855515

2108 0.0849619

2109 0.0850697

2110 0.0848875

2111 0.0859168

2112 0.0852067

2113 0.0860584

2114 0.0851233

2115 0.0848966

2116 0.0860536

2117 0.0857034

2118 0.0845866

2119 0.0847361

2120 0.0854943

2121 0.0849409

2122 0.085113

2123 0.08483

2124 0.085567

2125 0.0849886

2126 0.0852811

2127 0.0847116

2128 0.0848408

2129 0.0846982

2130 0.085218

2131 0.0849392

2132 0.0852559

2133 0.0874944

2134 0.0853031

2135 0.086447

2136 0.0858068

2137 0.0853107

2138 0.0848296

2139 0.0850883

2140 0.0855994

2141 0.0861554

2142 0.085403

2143 0.0862429

2144 0.0846598

2145 0.0849297

2146 0.0848281

2147 0.0863807

2148 0.08552

2149 0.0851717

2150 0.0854204

2151 0.0860565

2152 0.085803

2153 0.0860128

2154 0.0849195

2155 0.0853994

2156 0.0853674

2157 0.0859661

2158 0.0851452

2159 0.0854778

2160 0.0866432

2161 0.0850835

2162 0.0846679

2163 0.0849938

2164 0.0850279

2165 0.0854287

2166 0.0851061

2167 0.0847559

2168 0.0859504

2169 0.0853767

2170 0.0861962

2171 0.085387

2172 0.0850062

2173 0.0852561

2174 0.0852156

2175 0.0849619

2176 0.0858495

2177 0.0866976

2178 0.0854659

2179 0.0850844

2180 0.0851889

2181 0.0851467

2182 0.0855956

2183 0.0854638

2184 0.0853562

2185 0.0849018

2186 0.0851634

2187 0.0852835

2188 0.085146

2189 0.0851996

2190 0.0847213

2191 0.0855715

2192 0.0850773

2193 0.0850124

2194 0.0850163

2195 0.0850413

2196 0.0856996

2197 0.0850668

2198 0.0862563

2199 0.0853071

2200 0.0856442

2201 0.0847957

2202 0.0847211

2203 0.0848658

2204 0.0853591

2205 0.0849116

2206 0.0850945

2207 0.0848939

2208 0.0849671

2209 0.0863655

2210 0.0857532

2211 0.0850041

2212 0.0851541

2213 0.0849123

2214 0.0848622

2215 0.0859828

2216 0.0848796

2217 0.0847139

2218 0.0845921

2219 0.0848558

2220 0.0852733

2221 0.0850306

2222 0.0851755

2223 0.084713

2224 0.0854113

2225 0.0847988

2226 0.085083

2227 0.0850835

2228 0.086525

2229 0.085043

2230 0.0853391

2231 0.0850055

2232 0.0854764

2233 0.0871146

2234 0.0855379

2235 0.0866189

2236 0.0865674

2237 0.0867684

2238 0.0858243

2239 0.0856755

2240 0.0861037

2241 0.0859106

2242 0.0854511

2243 0.0851727

2244 0.0852132

2245 0.0855494

2246 0.0852106

2247 0.0847449

2248 0.0863564

2249 0.0863421

2250 0.0853293

2251 0.0848262

2252 0.0851116

2253 0.0850494

2254 0.0848207

2255 0.0852401

2256 0.0849054

2257 0.0853689

2258 0.0849993

2259 0.0851698

2260 0.085346

2261 0.0852947

2262 0.0850108

2263 0.085696

2264 0.0848341

2265 0.0848956

2266 0.0849893

2267 0.0852568

2268 0.0857122

2269 0.085453

2270 0.086875

2271 0.0849698

2272 0.08548

2273 0.0856397

2274 0.0849471

2275 0.085073

2276 0.0857449

2277 0.0851312

2278 0.0852671

2279 0.0854609

2280 0.0860894

2281 0.0852067

2282 0.0861177

2283 0.0867217

2284 0.0851462

2285 0.0849011

2286 0.0850427

2287 0.0852764

2288 0.0853307

2289 0.0852506

2290 0.0855072

2291 0.0854945

2292 0.0850515

2293 0.0846772

2294 0.0852349

2295 0.0851882

2296 0.0867696

2297 0.0854797

2298 0.08534

2299 0.0856979

2300 0.0847037

2301 0.0857475

2302 0.0850594

2303 0.0850458

2304 0.0851383

2305 0.0852149

2306 0.0847609

2307 0.086257

2308 0.086468

2309 0.0853944

2310 0.0851574

2311 0.0852404

2312 0.0855348

2313 0.0848234

2314 0.084801

2315 0.0850525

2316 0.0846896

2317 0.0856647

2318 0.0851083

2319 0.0858438

2320 0.0854771

2321 0.0849595

2322 0.0853992

2323 0.0857909

2324 0.0868173

2325 0.0854521

2326 0.0851772

2327 0.0858901

2328 0.0862689

2329 0.0847149

2330 0.0847375

2331 0.0847616

2332 0.0864639

2333 0.0848062

2334 0.0855391

2335 0.0852854

2336 0.0850208

2337 0.085161

2338 0.0856855

2339 0.0855141

2340 0.0846007

2341 0.0858085

2342 0.0855572

2343 0.0852337

2344 0.0847816

2345 0.0850708

2346 0.0861068

2347 0.0863514

2348 0.085115

2349 0.0853496

2350 0.0859151

2351 0.0846465

2352 0.0869334

2353 0.0852678

2354 0.0854971

2355 0.0865819

2356 0.0849557

2357 0.0854878

2358 0.0854921

2359 0.0867934

2360 0.0850372

2361 0.0867684

2362 0.0854273

2363 0.0869915

2364 0.0861936

2365 0.0851557

2366 0.0861144

2367 0.085429

2368 0.0852518

2369 0.0854728

2370 0.0852759

2371 0.0849981

2372 0.0860929

2373 0.0864823

2374 0.0847921

2375 0.0859923

2376 0.0866864

2377 0.0857165

2378 0.0857587

2379 0.0863824

2380 0.0853677

2381 0.0849662

2382 0.086987

2383 0.0853014

2384 0.0848906

2385 0.0851603

2386 0.0859127

2387 0.0849783

2388 0.0849521

2389 0.0856152

2390 0.0849874

2391 0.0857112

2392 0.0858355

2393 0.0852516

2394 0.0853858

2395 0.0846732

2396 0.0852149

2397 0.0850012

2398 0.0849688

2399 0.0856156

2400 0.085119

2401 0.0849571

2402 0.0875332

2403 0.0853307

2404 0.0857358

2405 0.086225

2406 0.0854897

2407 0.0862615

2408 0.0856159

2409 0.0867474

2410 0.0847254

2411 0.0858693

2412 0.0847754

2413 0.085304

2414 0.0846627

2415 0.0861039

2416 0.0848126

2417 0.0854468

2418 0.085923

2419 0.0848479

2420 0.0870943

2421 0.0860312

2422 0.0860546

2423 0.0856271

2424 0.0853584

2425 0.0857592

2426 0.085762

2427 0.0856042

2428 0.0866287

2429 0.0862331

2430 0.0845122

2431 0.0857537

2432 0.0880237

2433 0.0856864

2434 0.0862179

2435 0.0863864

2436 0.0869458

2437 0.085289

2438 0.0851972

2439 0.0857871

2440 0.0853226

2441 0.0867124

2442 0.0852466

2443 0.0854931

2444 0.0852387

2445 0.0861247

2446 0.0852242

2447 0.0866995

2448 0.0860362

2449 0.0846241

2450 0.085139

2451 0.085139

2452 0.0852542

2453 0.085222

2454 0.0859585

2455 0.0851164

2456 0.0863521

2457 0.085685

2458 0.0860021

2459 0.0856762

2460 0.0850203

2461 0.0860333

2462 0.0863132

2463 0.0851133

2464 0.0856857

2465 0.0849574

2466 0.0854127

2467 0.0853379

2468 0.0860116

2469 0.0849049

2470 0.0856569

2471 0.0864236

2472 0.0856488

2473 0.0857999

2474 0.0850408

2475 0.0851812

2476 0.0861063

2477 0.0850642

2478 0.0848427

2479 0.0862892

2480 0.0850706

2481 0.0849683

2482 0.0872695

2483 0.0849049

2484 0.0862117

2485 0.086422

2486 0.0850108

2487 0.085036

2488 0.0854106

2489 0.0852382

2490 0.0858173

2491 0.0853539

2492 0.0852966

2493 0.0850604

2494 0.0851674

2495 0.0855558

2496 0.085104

2497 0.0849717

2498 0.086174

2499 0.0857697

2500 0.086679

2501 0.0855477

2502 0.0848014

2503 0.0849087

2504 0.0848343

2505 0.0858121

2506 0.0861154

2507 0.085675

2508 0.0865948

2509 0.0854671

2510 0.0849223

2511 0.0856743

2512 0.0848286

2513 0.0867336

2514 0.0853975

2515 0.0851371

2516 0.0858321

2517 0.0859592

2518 0.0854528

2519 0.085289

2520 0.0852766

2521 0.0851521

2522 0.0862432

2523 0.0858281

2524 0.0856526

2525 0.0853224

2526 0.0857451

2527 0.0867448

2528 0.0849879

2529 0.0859201

2530 0.0864613

2531 0.0861039

2532 0.0878985

2533 0.0850432

2534 0.0864856

2535 0.0849497

2536 0.084887

2537 0.0856066

2538 0.0849745

2539 0.0849867

2540 0.084892

2541 0.0853181

2542 0.0862765

2543 0.0855687

2544 0.0863283

2545 0.0863447

2546 0.085377

2547 0.0852284

2548 0.0858567

2549 0.0858209

2550 0.0853772

2551 0.0852818

2552 0.0853305

2553 0.0850129

2554 0.0850356

2555 0.0853412

2556 0.0854378

2557 0.0851073

2558 0.0866556

2559 0.0860713

2560 0.085294

2561 0.0855715

2562 0.0866175

2563 0.0847669

2564 0.0857224

2565 0.0855031

2566 0.0852287

2567 0.0859439

2568 0.0852983

2569 0.0850315

2570 0.0852282

2571 0.0854988

2572 0.0851347

2573 0.0851896

2574 0.0863733

2575 0.085664

2576 0.0850842

2577 0.0856533

2578 0.0864069

2579 0.0855861

2580 0.0852435

2581 0.085794

2582 0.0864666

2583 0.0861521

2584 0.0851111

2585 0.0851882

2586 0.0849063

2587 0.0855677

2588 0.0859325

2589 0.0848558

2590 0.0852437

2591 0.0848248

2592 0.084903

2593 0.0860643

2594 0.0854521

2595 0.0868638

2596 0.0853536

2597 0.0848999

2598 0.0851324

2599 0.0848985

2600 0.0848217

2601 0.0850625

2602 0.0848012

2603 0.0852129

2604 0.085598

2605 0.085619

2606 0.0851827

2607 0.0856254

2608 0.0852258

2609 0.0850768

2610 0.0865369

2611 0.0849948

2612 0.0851123

2613 0.0848968

2614 0.0856349

2615 0.0861948

2616 0.0856881

2617 0.0862002

2618 0.0858738

2619 0.0855789

2620 0.085284

2621 0.0849741

2622 0.0858436

2623 0.0865667

2624 0.0854225

2625 0.0852797

2626 0.0852346

2627 0.0856929

2628 0.0858097

2629 0.0848367

2630 0.0850351

2631 0.0861328

2632 0.0861132

2633 0.0858204

2634 0.0856047

2635 0.0854232

2636 0.0847933

2637 0.0850792

2638 0.085278

2639 0.0850818

2640 0.0865598

2641 0.0856261

2642 0.0856628

2643 0.0858507

2644 0.0850303

2645 0.086041

2646 0.086076

2647 0.0855243

2648 0.0847847

2649 0.085077

2650 0.0855587

2651 0.0848598

2652 0.0858219

2653 0.0861065

2654 0.0854456

2655 0.0854051

2656 0.0852165

2657 0.0858617

2658 0.0853837

2659 0.0860269

2660 0.0852292

2661 0.0847497

2662 0.0847342

2663 0.0849857

2664 0.0852609

2665 0.086112

2666 0.0848908

2667 0.085181

2668 0.0856457

2669 0.0853856

2670 0.0852621

2671 0.0850303

2672 0.0859361

2673 0.0849857

2674 0.0857301

2675 0.0853238

2676 0.0852778

2677 0.0854859

2678 0.0851636

2679 0.0860026

2680 0.0857944

2681 0.085489

2682 0.0861807

2683 0.084944

2684 0.0847199

2685 0.0862994

2686 0.0850215

2687 0.0866904

2688 0.0857813

2689 0.085603

2690 0.0856752

2691 0.0858064

2692 0.0850987

2693 0.0852151

2694 0.0865204

2695 0.0850265

2696 0.086097

2697 0.0848837

2698 0.0851209

2699 0.0853915

2700 0.0857675

2701 0.0858243

2702 0.0849102

2703 0.0855613

2704 0.0854504

2705 0.0860465

2706 0.0849581

2707 0.0871563

2708 0.085649

2709 0.0855193

2710 0.0847936

2711 0.0857563

2712 0.0847225

2713 0.0848057

2714 0.0858219

2715 0.0856483

2716 0.0859766

2717 0.0847521

2718 0.0856843

2719 0.0849037

2720 0.0854363

2721 0.0863395

2722 0.0848765

2723 0.0843573

2724 0.0848477

2725 0.0853491

2726 0.0847688

2727 0.0847759

2728 0.0864215

2729 0.0860004

2730 0.0851486

2731 0.0848696

2732 0.0862334

2733 0.0848496

2734 0.0864062

2735 0.0856655

2736 0.0852618

2737 0.0851438

2738 0.0853829

2739 0.0857441

2740 0.0848825

2741 0.0849025

2742 0.0863869

2743 0.0853055

2744 0.0850797

2745 0.0850849

2746 0.0849366

2747 0.0851533

2748 0.0852439

2749 0.0849912

2750 0.0855329

2751 0.0851555

2752 0.085974

2753 0.0856984

2754 0.0850935

2755 0.0851817

2756 0.0860963

2757 0.0850122

2758 0.0847883

2759 0.0855644

2760 0.0853503

2761 0.0861685

2762 0.0852737

2763 0.0850697

2764 0.0850153

2765 0.0851631

2766 0.0856392

2767 0.086257

2768 0.085068

2769 0.0852816

2770 0.0867648

2771 0.0860443

2772 0.0847898

2773 0.0854197

2774 0.0847688

2775 0.0854297

2776 0.0851326

2777 0.0853906

2778 0.0869191

2779 0.0859361

2780 0.0862441

2781 0.0857265

2782 0.0861299

2783 0.0859511

2784 0.0856504

2785 0.0848804

2786 0.086931

2787 0.0851967

2788 0.0854864

2789 0.085665

2790 0.0851967

2791 0.0860283

2792 0.0859325

2793 0.0849774

2794 0.0846894

2795 0.0853424

2796 0.0848284

2797 0.0850279

2798 0.0850871

2799 0.0862279

2800 0.0872304

2801 0.08548

2802 0.0852342

2803 0.0862865

2804 0.0852771

2805 0.0857589

2806 0.0850995

2807 0.0862153

2808 0.0859416

2809 0.0853367

2810 0.0854878

2811 0.0852652

2812 0.084893

2813 0.0850103

2814 0.0859544

2815 0.0859129

2816 0.086576

2817 0.0859866

2818 0.0859027

2819 0.0850251

2820 0.0846579

2821 0.0847688

2822 0.085216

2823 0.0852697

2824 0.084841

2825 0.0848272

2826 0.0850961

2827 0.0847468

2828 0.084893

2829 0.0851362

2830 0.0847661

2831 0.0848758

2832 0.0865433

2833 0.0852904

2834 0.0853746

2835 0.0849881

2836 0.0864074

2837 0.0850158

2838 0.0857143

2839 0.0855756

2840 0.0853882

2841 0.085927

2842 0.0850236

2843 0.0857155

2844 0.0862465

2845 0.0855324

2846 0.0847328

2847 0.0855789

2848 0.0854928

2849 0.0852418

2850 0.0858836

2851 0.0866935

2852 0.0856903

2853 0.0854149

2854 0.0856125

2855 0.0846591

2856 0.0858541

2857 0.0857091

2858 0.085181

2859 0.0857263

2860 0.0858133

2861 0.0847862

2862 0.0845106

2863 0.0852563

2864 0.0851123

2865 0.0854461

2866 0.0853906

2867 0.0849209

2868 0.0848691

2869 0.0856812

2870 0.0853269

2871 0.0857775

2872 0.0861332

2873 0.0849383

2874 0.0852444

2875 0.0849552

2876 0.0852606

2877 0.0868251

2878 0.0856268

2879 0.0858014

2880 0.0859213

2881 0.0849333

2882 0.0868199

2883 0.0846713

2884 0.0852172

2885 0.0851116

2886 0.0847058

2887 0.0851247

2888 0.0847833

2889 0.0850029

2890 0.0844629

2891 0.0851216

2892 0.0847826

2893 0.0858316

2894 0.0856647

2895 0.0859041

2896 0.085717

2897 0.0863094

2898 0.0849421

2899 0.0850334

2900 0.0852356

2901 0.0843923

2902 0.0854928

2903 0.0846412

2904 0.0860808

2905 0.0859256

2906 0.0852857

2907 0.0846245

2908 0.0850754

2909 0.0873859

2910 0.0847099

2911 0.0853424

2912 0.0858021

2913 0.0854588

2914 0.0851009

2915 0.0861869

2916 0.0845082

2917 0.085196

2918 0.0852993

2919 0.0862429

2920 0.0853209

2921 0.0852017

2922 0.0870168

2923 0.0860579

2924 0.084758

2925 0.0859694

2926 0.0862768

2927 0.0848043

2928 0.0850651

2929 0.084954

2930 0.0851259

2931 0.0859456

2932 0.0851879

2933 0.0872312

2934 0.0852492

2935 0.0857027

2936 0.0848475

2937 0.0854023

2938 0.0858459

2939 0.0848961

2940 0.0848181

2941 0.0849514

2942 0.0854268

2943 0.0858381

2944 0.0861025

2945 0.0861835

2946 0.0863557

2947 0.0861046

2948 0.0876794

2949 0.0853648

2950 0.0851908

2951 0.0861304

2952 0.0852821

2953 0.0863042

2954 0.0855823

2955 0.0860763

2956 0.0847516

2957 0.0864832

2958 0.0854096

2959 0.084841

2960 0.0857553

2961 0.0864189

2962 0.0851152

2963 0.0852654

2964 0.0848749

2965 0.0852935

2966 0.0858824

2967 0.0852916

2968 0.0862739

2969 0.0856035

2970 0.0849938

2971 0.0866654

2972 0.0854518

2973 0.0851841

2974 0.0849133

2975 0.0858121

2976 0.0849903

2977 0.0852611

2978 0.085129

2979 0.0856395

2980 0.0850801

2981 0.0851362

2982 0.0852344

2983 0.0875008

2984 0.0865846

2985 0.0854626

2986 0.0845354

2987 0.085386

2988 0.0866916

2989 0.0853543

2990 0.0845923

2991 0.0852473

2992 0.0867028

2993 0.0844526

2994 0.0856252

2995 0.0854549

2996 0.086642

2997 0.0858204

2998 0.0851567

2999 0.0853047

3000 0.0858014

