1 0.768813 
2 0.615321 
3 0.410032 
4 0.538923 
5 0.501028 
6 0.53562 
7 0.510425 
8 0.530248 
9 0.517035 
10 0.543171 
11 0.376919 
12 0.540482 
13 0.528566 
14 0.547084 
15 0.530515 
16 0.547295 
17 0.536319 
18 0.550803 
19 0.540338 
20 0.378512 
1 0.768891 
2 0.613906 
3 0.409847 
4 0.391147 
5 0.502071 
6 0.535854 
7 0.507244 
8 0.544932 
9 0.380339 
10 0.543169 
11 0.52876 
12 0.539474 
13 0.377037 
14 0.544957 
15 0.530138 
16 0.377226 
17 0.534509 
18 0.378098 
19 0.539991 
20 0.378661 
1 0.769219 
2 0.486516 
3 0.508369 
4 0.391229 
5 0.503757 
6 0.53688 
7 0.509087 
8 0.548089 
9 0.379162 
10 0.540982 
11 0.526654 
12 0.540569 
13 0.527888 
14 0.539238 
15 0.528629 
16 0.548177 
17 0.377693 
18 0.377793 
19 0.532904 
20 0.547256 
1 0.768593 
2 0.487776 
3 0.509892 
4 0.53827 
5 0.503487 
6 0.535335 
7 0.379049 
8 0.546391 
9 0.51726 
10 0.539249 
11 0.377328 
12 0.539756 
13 0.528959 
14 0.377004 
15 0.530535 
16 0.377086 
17 0.534868 
18 0.377625 
19 0.378271 
20 0.378675 
1 0.769193 
2 0.487545 
3 0.509031 
4 0.540141 
5 0.501866 
6 0.535223 
7 0.380055 
8 0.530799 
9 0.515883 
10 0.542749 
11 0.526723 
12 0.539757 
13 0.52831 
14 0.376989 
15 0.376958 
16 0.547752 
17 0.534657 
18 0.546672 
19 0.378686 
20 0.548552 
1 0.770053 
2 0.616924 
3 0.510622 
4 0.390002 
5 0.504893 
6 0.534917 
7 0.509515 
8 0.379635 
9 0.517711 
10 0.544524 
11 0.378107 
12 0.540783 
13 0.376902 
14 0.541714 
15 0.378181 
16 0.377165 
17 0.376978 
18 0.377562 
19 0.536088 
20 0.378685 
1 0.765461 
2 0.61527 
3 0.510745 
4 0.390231 
5 0.501919 
6 0.53709 
7 0.508191 
8 0.547498 
9 0.519578 
10 0.541603 
11 0.525048 
12 0.375909 
13 0.376582 
14 0.546109 
15 0.532657 
16 0.545212 
17 0.377487 
18 0.548108 
19 0.534274 
20 0.378835 
1 0.767902 
2 0.489347 
3 0.50985 
4 0.541963 
5 0.502822 
6 0.379911 
7 0.511297 
8 0.532018 
9 0.37886 
10 0.542765 
11 0.378953 
12 0.541806 
13 0.376702 
14 0.377295 
15 0.377984 
16 0.376753 
17 0.535414 
18 0.377451 
19 0.541885 
20 0.547864 
1 0.768856 
2 0.483981 
3 0.507984 
4 0.541789 
5 0.502612 
6 0.538585 
7 0.506252 
8 0.544139 
9 0.519725 
10 0.540246 
11 0.376783 
12 0.540797 
13 0.527771 
14 0.542128 
15 0.377912 
16 0.54506 
17 0.536423 
18 0.377768 
19 0.53504 
20 0.548059 
1 0.768732 
2 0.613494 
3 0.511738 
4 0.391805 
5 0.504326 
6 0.539065 
7 0.379153 
8 0.549084 
9 0.37985 
10 0.547178 
11 0.376162 
12 0.376119 
13 0.376228 
14 0.376913 
15 0.535765 
16 0.376852 
17 0.541604 
18 0.557931 
19 0.377578 
20 0.553879 

