1 0.513668 
2 0.265177 
3 0.25287 
4 0.204091 
5 0.211988 
6 0.192707 
7 0.197808 
8 0.190904 
9 0.192067 
10 0.189624 
11 0.188651 
12 0.18806 
13 0.186185 
14 0.188976 
15 0.184481 
16 0.188588 
17 0.184262 
18 0.189152 
19 0.18309 
20 0.188843 
1 0.514024 
2 0.264544 
3 0.252332 
4 0.203196 
5 0.212323 
6 0.193541 
7 0.198496 
8 0.189253 
9 0.19403 
10 0.188521 
11 0.187571 
12 0.188651 
13 0.18564 
14 0.188593 
15 0.18395 
16 0.189186 
17 0.183767 
18 0.189668 
19 0.1829 
20 0.189818 
1 0.513714 
2 0.263869 
3 0.252853 
4 0.201537 
5 0.213196 
6 0.193358 
7 0.198907 
8 0.189048 
9 0.192608 
10 0.188092 
11 0.189103 
12 0.188903 
13 0.187233 
14 0.188046 
15 0.185343 
16 0.188442 
17 0.183215 
18 0.189131 
19 0.18185 
20 0.18896 
1 0.513498 
2 0.265918 
3 0.248883 
4 0.204718 
5 0.208339 
6 0.191768 
7 0.19496 
8 0.188563 
9 0.188629 
10 0.188291 
11 0.184397 
12 0.188581 
13 0.182074 
14 0.189111 
15 0.180384 
16 0.188469 
17 0.179352 
18 0.189006 
19 0.179641 
20 0.188695 


